6.52401e-16, 1.1047e-15, 1.84578e-15, 3.04318e-15, 4.9509e-15, 7.94787e-15, 1.259e-14, 1.96794e-14, 3.03532e-14, 4.61965e-14, 6.9378e-14, 1.02812e-13, 1.50341e-13, 2.16929e-13, 3.08865e-13, 4.33939e-13, 6.01586e-13, 8.22957e-13, 1.11088e-12, 1.47966e-12, 1.94478e-12, 2.52224e-12, 3.22785e-12, 4.07613e-12, 5.07917e-12, 6.24521e-12, 7.57723e-12, 9.0716e-12, 1.07168e-11, 1.24927e-11, 1.43701e-11, 1.63106e-11, 1.8268e-11, 2.01892e-11, 2.2017e-11, 2.36923e-11, 2.51573e-11, 2.63591e-11, 2.72526e-11, 2.78031e-11, 2.79891e-11, 2.78031e-11, 2.72526e-11, 2.63591e-11, 2.51573e-11, 2.36923e-11, 2.2017e-11, 2.01892e-11, 1.8268e-11, 1.63106e-11, 1.43701e-11, 1.24927e-11, 1.07168e-11, 9.0716e-12, 7.57723e-12, 6.24521e-12, 5.07917e-12, 4.07613e-12, 3.22785e-12, 2.52224e-12, 1.94478e-12, 1.47966e-12, 1.11088e-12, 8.22957e-13, 6.01586e-13, 4.33939e-13, 3.08865e-13, 2.16929e-13, 1.50341e-13, 1.02812e-13, 6.9378e-14, 4.61965e-14, 3.03532e-14, 1.96794e-14, 1.259e-14, 7.94787e-15, 4.9509e-15, 3.04318e-15, 1.84578e-15, 1.1047e-15, 6.52401e-16, 3.80185e-16, 2.18618e-16, 1.24047e-16, 6.94536e-17, 3.83719e-17, 2.0919e-17, 1.12533e-17, 5.97345e-18, 3.12883e-18, 1.61714e-18, 8.2475e-19, 4.15056e-19, 2.06111e-19, 1.00996e-19, 4.88334e-20, 2.32991e-20, 1.09691e-20, 5.09579e-21, 2.33594e-21
9.04449e-16, 1.54173e-15, 2.59323e-15, 4.30411e-15, 7.04913e-15, 1.13919e-14, 1.81663e-14, 2.85856e-14, 4.43851e-14, 6.80042e-14, 1.02812e-13, 1.53378e-13, 2.25782e-13, 3.27964e-13, 4.7008e-13, 6.64856e-13, 9.27881e-13, 1.27781e-12, 1.7364e-12, 2.32832e-12, 3.08067e-12, 4.02214e-12, 5.18178e-12, 6.58733e-12, 8.26322e-12, 1.02282e-11, 1.24927e-11, 1.50566e-11, 1.79062e-11, 2.10131e-11, 2.43325e-11, 2.78031e-11, 3.13479e-11, 3.48766e-11, 3.82884e-11, 4.14774e-11, 4.43368e-11, 4.67656e-11, 4.86742e-11, 4.99896e-11, 5.06606e-11, 5.06606e-11, 4.99896e-11, 4.86742e-11, 4.67656e-11, 4.43368e-11, 4.14774e-11, 3.82884e-11, 3.48766e-11, 3.13479e-11, 2.78031e-11, 2.43325e-11, 2.10131e-11, 1.79062e-11, 1.50566e-11, 1.24927e-11, 1.02282e-11, 8.26322e-12, 6.58733e-12, 5.18178e-12, 4.02214e-12, 3.08067e-12, 2.32832e-12, 1.7364e-12, 1.27781e-12, 9.27881e-13, 6.64856e-13, 4.7008e-13, 3.27964e-13, 2.25782e-13, 1.53378e-13, 1.02812e-13, 6.80042e-14, 4.43851e-14, 2.85856e-14, 1.81663e-14, 1.13919e-14, 7.04913e-15, 4.30411e-15, 2.59323e-15, 1.54173e-15, 9.04449e-16, 5.23564e-16, 2.99064e-16, 1.68566e-16, 9.37525e-17, 5.14525e-17, 2.78637e-17, 1.48895e-17, 7.85114e-18, 4.08502e-18, 2.09732e-18, 1.06254e-18, 5.31169e-19, 2.62018e-19, 1.27538e-19, 6.12572e-20, 2.90324e-20, 1.35775e-20, 6.26564e-21
1.23727e-15, 2.12316e-15, 3.59509e-15, 6.00687e-15, 9.90365e-15, 1.61121e-14, 2.58653e-14, 4.09726e-14, 6.4044e-14, 9.87808e-14, 1.50341e-13, 2.25782e-13, 3.34589e-13, 4.89265e-13, 7.05968e-13, 1.00516e-12, 1.4122e-12, 1.95779e-12, 2.67821e-12, 3.6152e-12, 4.81538e-12, 6.32904e-12, 8.20832e-12, 1.05046e-11, 1.32653e-11, 1.65295e-11, 2.03243e-11, 2.46592e-11, 2.95224e-11, 3.48766e-11, 4.06561e-11, 4.67656e-11, 5.30808e-11, 5.94507e-11, 6.57032e-11, 7.16516e-11, 7.71035e-11, 8.18713e-11, 8.57825e-11, 8.86901e-11, 9.04818e-11, 9.1087e-11, 9.04818e-11, 8.86901e-11, 8.57825e-11, 8.18713e-11, 7.71035e-11, 7.16516e-11, 6.57032e-11, 5.94507e-11, 5.30808e-11, 4.67656e-11, 4.06561e-11, 3.48766e-11, 2.95224e-11, 2.46592e-11, 2.03243e-11, 1.65295e-11, 1.32653e-11, 1.05046e-11, 8.20832e-12, 6.32904e-12, 4.81538e-12, 3.6152e-12, 2.67821e-12, 1.95779e-12, 1.4122e-12, 1.00516e-12, 7.05968e-13, 4.89265e-13, 3.34589e-13, 2.25782e-13, 1.50341e-13, 9.87808e-14, 6.4044e-14, 4.09726e-14, 2.58653e-14, 1.61121e-14, 9.90365e-15, 6.00687e-15, 3.59509e-15, 2.12316e-15, 1.23727e-15, 7.11464e-16, 4.03695e-16, 2.26028e-16, 1.24877e-16, 6.80783e-17, 3.66224e-17, 1.94399e-17, 1.01824e-17, 5.26278e-18, 2.68405e-18, 1.35075e-18, 6.70762e-19, 3.28679e-19, 1.58922e-19, 7.58239e-20, 3.56975e-20, 1.65836e-20
1.67013e-15, 2.88513e-15, 4.91801e-15, 8.27222e-15, 1.37298e-14, 2.24862e-14, 3.63394e-14, 5.79494e-14, 9.11862e-14, 1.41585e-13, 2.16929e-13, 3.27964e-13, 4.89265e-13, 7.2023e-13, 1.04618e-12, 1.49952e-12, 2.12085e-12, 2.95988e-12, 4.07613e-12, 5.53901e-12, 7.42719e-12, 9.82714e-12, 1.28304e-11, 1.65295e-11, 2.10131e-11, 2.63591e-11, 3.26273e-11, 3.9851e-11, 4.80295e-11, 5.71197e-11, 6.70305e-11, 7.76192e-11, 8.86901e-11, 9.99978e-11, 1.11254e-10, 1.22138e-10, 1.3231e-10, 1.41431e-10, 1.49179e-10, 1.55267e-10, 1.59463e-10, 1.61604e-10, 1.61604e-10, 1.59463e-10, 1.55267e-10, 1.49179e-10, 1.41431e-10, 1.3231e-10, 1.22138e-10, 1.11254e-10, 9.99978e-11, 8.86901e-11, 7.76192e-11, 6.70305e-11, 5.71197e-11, 4.80295e-11, 3.9851e-11, 3.26273e-11, 2.63591e-11, 2.10131e-11, 1.65295e-11, 1.28304e-11, 9.82714e-12, 7.42719e-12, 5.53901e-12, 4.07613e-12, 2.95988e-12, 2.12085e-12, 1.49952e-12, 1.04618e-12, 7.2023e-13, 4.89265e-13, 3.27964e-13, 2.16929e-13, 1.41585e-13, 9.11862e-14, 5.79494e-14, 3.63394e-14, 2.24862e-14, 1.37298e-14, 8.27222e-15, 4.91801e-15, 2.88513e-15, 1.67013e-15, 9.53995e-16, 5.37713e-16, 2.99064e-16, 1.6413e-16, 8.88834e-17, 4.74966e-17, 2.50446e-17, 1.30309e-17, 6.6903e-18, 3.38942e-18, 1.69439e-18, 8.35821e-19, 4.06838e-19, 1.95406e-19, 9.26116e-20, 4.33113e-20
2.22458e-15, 3.86864e-15, 6.63862e-15, 1.1241e-14, 1.87821e-14, 3.09664e-14, 5.03788e-14, 8.08749e-14, 1.28112e-13, 2.00251e-13, 3.08865e-13, 4.7008e-13, 7.05968e-13, 1.04618e-12, 1.52982e-12, 2.2074e-12, 3.14291e-12, 4.41562e-12, 6.12155e-12, 8.37414e-12, 1.13039e-11, 1.50566e-11, 1.97894e-11, 2.56655e-11, 3.28455e-11, 4.14774e-11, 5.1684e-11, 6.35492e-11, 7.71035e-11, 9.23096e-11, 1.09051e-10, 1.27122e-10, 1.46225e-10, 1.65971e-10, 1.85889e-10, 2.05439e-10, 2.24038e-10, 2.41085e-10, 2.55993e-10, 2.68222e-10, 2.77313e-10, 2.82915e-10, 2.84808e-10, 2.82915e-10, 2.77313e-10, 2.68222e-10, 2.55993e-10, 2.41085e-10, 2.24038e-10, 2.05439e-10, 1.85889e-10, 1.65971e-10, 1.46225e-10, 1.27122e-10, 1.09051e-10, 9.23096e-11, 7.71035e-11, 6.35492e-11, 5.1684e-11, 4.14774e-11, 3.28455e-11, 2.56655e-11, 1.97894e-11, 1.50566e-11, 1.13039e-11, 8.37414e-12, 6.12155e-12, 4.41562e-12, 3.14291e-12, 2.2074e-12, 1.52982e-12, 1.04618e-12, 7.05968e-13, 4.7008e-13, 3.08865e-13, 2.00251e-13, 1.28112e-13, 8.08749e-14, 5.03788e-14, 3.09664e-14, 1.87821e-14, 1.1241e-14, 6.63862e-15, 3.86864e-15, 2.22458e-15, 1.26226e-15, 7.06737e-16, 3.9046e-16, 2.12865e-16, 1.1451e-16, 6.07839e-17, 3.18379e-17, 1.64555e-17, 8.39239e-18, 4.22348e-18, 2.09732e-18, 1.0277e-18, 4.96913e-19, 2.37084e-19, 1.11618e-19
2.92386e-15, 5.11872e-15, 8.8425e-15, 1.5073e-14, 2.53532e-14, 4.20799e-14, 6.8917e-14, 1.11375e-13, 1.77606e-13, 2.79472e-13, 4.33939e-13, 6.64856e-13, 1.00516e-12, 1.49952e-12, 2.2074e-12, 3.2064e-12, 4.59582e-12, 6.50008e-12, 9.0716e-12, 1.24927e-11, 1.69762e-11, 2.27633e-11, 3.01188e-11, 3.93232e-11, 5.06606e-11, 6.44022e-11, 8.07869e-11, 9.99978e-11, 1.22138e-10, 1.47203e-10, 1.75063e-10, 2.05439e-10, 2.37892e-10, 2.71822e-10, 3.06479e-10, 3.40977e-10, 3.74334e-10, 4.05511e-10, 4.33467e-10, 4.57212e-10, 4.75872e-10, 4.88732e-10, 4.95292e-10, 4.95292e-10, 4.88732e-10, 4.75872e-10, 4.57212e-10, 4.33467e-10, 4.05511e-10, 3.74334e-10, 3.40977e-10, 3.06479e-10, 2.71822e-10, 2.37892e-10, 2.05439e-10, 1.75063e-10, 1.47203e-10, 1.22138e-10, 9.99978e-11, 8.07869e-11, 6.44022e-11, 5.06606e-11, 3.93232e-11, 3.01188e-11, 2.27633e-11, 1.69762e-11, 1.24927e-11, 9.0716e-12, 6.50008e-12, 4.59582e-12, 3.2064e-12, 2.2074e-12, 1.49952e-12, 1.00516e-12, 6.64856e-13, 4.33939e-13, 2.79472e-13, 1.77606e-13, 1.11375e-13, 6.8917e-14, 4.20799e-14, 2.53532e-14, 1.5073e-14, 8.8425e-15, 5.11872e-15, 2.92386e-15, 1.64801e-15, 9.16589e-16, 5.03035e-16, 2.72415e-16, 1.4557e-16, 7.67581e-17, 3.99379e-17, 2.05048e-17, 1.03881e-17, 5.19307e-18, 2.56167e-18, 1.2469e-18, 5.98892e-19, 2.83841e-19
3.79204e-15, 6.68302e-15, 1.1622e-14, 1.99435e-14, 3.37699e-14, 5.64245e-14, 9.30283e-14, 1.51346e-13, 2.42962e-13, 3.84869e-13, 6.01586e-13, 9.27881e-13, 1.4122e-12, 2.12085e-12, 3.14291e-12, 4.59582e-12, 6.63139e-12, 9.44182e-12, 1.32653e-11, 1.83901e-11, 2.51573e-11, 3.39588e-11, 4.52325e-11, 5.94507e-11, 7.71035e-11, 9.86733e-11, 1.24605e-10, 1.55267e-10, 1.90912e-10, 2.31632e-10, 2.77313e-10, 3.27607e-10, 3.81896e-10, 4.39285e-10, 4.98605e-10, 5.58441e-10, 6.17172e-10, 6.73047e-10, 7.24258e-10, 7.69044e-10, 8.05783e-10, 8.33095e-10, 8.49925e-10, 8.5561e-10, 8.49925e-10, 8.33095e-10, 8.05783e-10, 7.69044e-10, 7.24258e-10, 6.73047e-10, 6.17172e-10, 5.58441e-10, 4.98605e-10, 4.39285e-10, 3.81896e-10, 3.27607e-10, 2.77313e-10, 2.31632e-10, 1.90912e-10, 1.55267e-10, 1.24605e-10, 9.86733e-11, 7.71035e-11, 5.94507e-11, 4.52325e-11, 3.39588e-11, 2.51573e-11, 1.83901e-11, 1.32653e-11, 9.44182e-12, 6.63139e-12, 4.59582e-12, 3.14291e-12, 2.12085e-12, 1.4122e-12, 9.27881e-13, 6.01586e-13, 3.84869e-13, 2.42962e-13, 1.51346e-13, 9.30283e-14, 5.64245e-14, 3.37699e-14, 1.99435e-14, 1.1622e-14, 6.68302e-15, 3.79204e-15, 2.12316e-15, 1.17301e-15, 6.39482e-16, 3.44006e-16, 1.82605e-16, 9.56465e-17, 4.9435e-17, 2.52121e-17, 1.2688e-17, 6.30069e-18, 3.08739e-18, 1.49281e-18, 7.12239e-19
4.85287e-15, 8.60982e-15, 1.5073e-14, 2.60383e-14, 4.43851e-14, 7.46569e-14, 1.23912e-13, 2.02939e-13, 3.27964e-13, 5.22994e-13, 8.22957e-13, 1.27781e-12, 1.95779e-12, 2.95988e-12, 4.41562e-12, 6.50008e-12, 9.44182e-12, 1.35332e-11, 1.91407e-11, 2.67129e-11, 3.67871e-11, 4.99896e-11, 6.70305e-11, 8.86901e-11, 1.15794e-10, 1.49179e-10, 1.89644e-10, 2.37892e-10, 2.94461e-10, 3.59656e-10, 4.33467e-10, 5.15506e-10, 6.04951e-10, 7.00514e-10, 8.00429e-10, 9.02482e-10, 1.00407e-09, 1.10229e-09, 1.1941e-09, 1.27642e-09, 1.34634e-09, 1.40129e-09, 1.43916e-09, 1.45848e-09, 1.45848e-09, 1.43916e-09, 1.40129e-09, 1.34634e-09, 1.27642e-09, 1.1941e-09, 1.10229e-09, 1.00407e-09, 9.02482e-10, 8.00429e-10, 7.00514e-10, 6.04951e-10, 5.15506e-10, 4.33467e-10, 3.59656e-10, 2.94461e-10, 2.37892e-10, 1.89644e-10, 1.49179e-10, 1.15794e-10, 8.86901e-11, 6.70305e-11, 4.99896e-11, 3.67871e-11, 2.67129e-11, 1.91407e-11, 1.35332e-11, 9.44182e-12, 6.50008e-12, 4.41562e-12, 2.95988e-12, 1.95779e-12, 1.27781e-12, 8.22957e-13, 5.22994e-13, 3.27964e-13, 2.02939e-13, 1.23912e-13, 7.46569e-14, 4.43851e-14, 2.60383e-14, 1.5073e-14, 8.60982e-15, 4.85287e-15, 2.69906e-15, 1.48128e-15, 8.02174e-16, 4.28658e-16, 2.26028e-16, 1.17604e-16, 6.03801e-17, 3.05896e-17, 1.52919e-17, 7.54329e-18, 3.67171e-18, 1.76354e-18
6.12821e-15, 1.09452e-14, 1.92897e-14, 3.35455e-14, 5.75644e-14, 9.74725e-14, 1.62862e-13, 2.68514e-13, 4.36841e-13, 7.01277e-13, 1.11088e-12, 1.7364e-12, 2.67821e-12, 4.07613e-12, 6.12155e-12, 9.0716e-12, 1.32653e-11, 1.91407e-11, 2.72526e-11, 3.82884e-11, 5.30808e-11, 7.26133e-11, 9.80177e-11, 1.30558e-10, 1.71597e-10, 2.22549e-10, 2.84808e-10, 3.59656e-10, 4.48159e-10, 5.51044e-10, 6.68575e-10, 8.00429e-10, 9.45596e-10, 1.10229e-09, 1.26794e-09, 1.43916e-09, 1.61187e-09, 1.78139e-09, 1.94266e-09, 2.09048e-09, 2.21975e-09, 2.32579e-09, 2.40462e-09, 2.4532e-09, 2.46961e-09, 2.4532e-09, 2.40462e-09, 2.32579e-09, 2.21975e-09, 2.09048e-09, 1.94266e-09, 1.78139e-09, 1.61187e-09, 1.43916e-09, 1.26794e-09, 1.10229e-09, 9.45596e-10, 8.00429e-10, 6.68575e-10, 5.51044e-10, 4.48159e-10, 3.59656e-10, 2.84808e-10, 2.22549e-10, 1.71597e-10, 1.30558e-10, 9.80177e-11, 7.26133e-11, 5.30808e-11, 3.82884e-11, 2.72526e-11, 1.91407e-11, 1.32653e-11, 9.0716e-12, 6.12155e-12, 4.07613e-12, 2.67821e-12, 1.7364e-12, 1.11088e-12, 7.01277e-13, 4.36841e-13, 2.68514e-13, 1.62862e-13, 9.74725e-14, 5.75644e-14, 3.35455e-14, 1.92897e-14, 1.09452e-14, 6.12821e-15, 3.38573e-15, 1.84578e-15, 9.92929e-16, 5.27066e-16, 2.76071e-16, 1.42688e-16, 7.27716e-17, 3.66224e-17, 1.81861e-17, 8.91135e-18, 4.3088e-18
7.63623e-15, 1.37298e-14, 2.43591e-14, 4.26447e-14, 7.36681e-14, 1.25575e-13, 2.11221e-13, 3.50573e-13, 5.74157e-13, 9.27881e-13, 1.47966e-12, 2.32832e-12, 3.6152e-12, 5.53901e-12, 8.37414e-12, 1.24927e-11, 1.83901e-11, 2.67129e-11, 3.82884e-11, 5.41531e-11, 7.55767e-11, 1.04079e-10, 1.41431e-10, 1.89644e-10, 2.50924e-10, 3.27607e-10, 4.2206e-10, 5.36544e-10, 6.73047e-10, 8.33095e-10, 1.01755e-09, 1.22637e-09, 1.45848e-09, 1.71154e-09, 1.98191e-09, 2.26459e-09, 2.55332e-09, 2.84073e-09, 3.11863e-09, 3.37837e-09, 3.61127e-09, 3.8091e-09, 3.96455e-09, 4.0717e-09, 4.12635e-09, 4.12635e-09, 4.0717e-09, 3.96455e-09, 3.8091e-09, 3.61127e-09, 3.37837e-09, 3.11863e-09, 2.84073e-09, 2.55332e-09, 2.26459e-09, 1.98191e-09, 1.71154e-09, 1.45848e-09, 1.22637e-09, 1.01755e-09, 8.33095e-10, 6.73047e-10, 5.36544e-10, 4.2206e-10, 3.27607e-10, 2.50924e-10, 1.89644e-10, 1.41431e-10, 1.04079e-10, 7.55767e-11, 5.41531e-11, 3.82884e-11, 2.67129e-11, 1.83901e-11, 1.24927e-11, 8.37414e-12, 5.53901e-12, 3.6152e-12, 2.32832e-12, 1.47966e-12, 9.27881e-13, 5.74157e-13, 3.50573e-13, 2.11221e-13, 1.25575e-13, 7.36681e-14, 4.26447e-14, 2.43591e-14, 1.37298e-14, 7.63623e-15, 4.19085e-15, 2.26952e-15, 1.21277e-15, 6.39482e-16, 3.32728e-16, 1.70828e-16, 8.65445e-17, 4.32642e-17, 2.13416e-17, 1.03881e-17
9.38929e-15, 1.69947e-14, 3.03532e-14, 5.3494e-14, 9.30283e-14, 1.59637e-13, 2.7031e-13, 4.51648e-13, 7.44642e-13, 1.21145e-12, 1.94478e-12, 3.08067e-12, 4.81538e-12, 7.42719e-12, 1.13039e-11, 1.69762e-11, 2.51573e-11, 3.67871e-11, 5.30808e-11, 7.55767e-11, 1.06181e-10, 1.47203e-10, 2.01371e-10, 2.71822e-10, 3.62062e-10, 4.75872e-10, 6.17172e-10, 7.89828e-10, 9.97396e-10, 1.24283e-09, 1.52815e-09, 1.85409e-09, 2.21975e-09, 2.62232e-09, 3.05687e-09, 3.51624e-09, 3.99107e-09, 4.47002e-09, 4.94014e-09, 5.38738e-09, 5.7973e-09, 6.15579e-09, 6.44987e-09, 6.66849e-09, 6.8032e-09, 6.84871e-09, 6.8032e-09, 6.66849e-09, 6.44987e-09, 6.15579e-09, 5.7973e-09, 5.38738e-09, 4.94014e-09, 4.47002e-09, 3.99107e-09, 3.51624e-09, 3.05687e-09, 2.62232e-09, 2.21975e-09, 1.85409e-09, 1.52815e-09, 1.24283e-09, 9.97396e-10, 7.89828e-10, 6.17172e-10, 4.75872e-10, 3.62062e-10, 2.71822e-10, 2.01371e-10, 1.47203e-10, 1.06181e-10, 7.55767e-11, 5.30808e-11, 3.67871e-11, 2.51573e-11, 1.69762e-11, 1.13039e-11, 7.42719e-12, 4.81538e-12, 3.08067e-12, 1.94478e-12, 1.21145e-12, 7.44642e-13, 4.51648e-13, 2.7031e-13, 1.59637e-13, 9.30283e-14, 5.3494e-14, 3.03532e-14, 1.69947e-14, 9.38929e-15, 5.11872e-15, 2.75358e-15, 1.46166e-15, 7.65599e-16, 3.95701e-16, 2.0181e-16, 1.01561e-16, 5.04337e-17, 2.47129e-17
1.13919e-14, 2.07574e-14, 3.73215e-14, 6.62148e-14, 1.1592e-13, 2.00251e-13, 3.41348e-13, 5.74157e-13, 9.52957e-13, 1.56072e-12, 2.52224e-12, 4.02214e-12, 6.32904e-12, 9.82714e-12, 1.50566e-11, 2.27633e-11, 3.39588e-11, 4.99896e-11, 7.26133e-11, 1.04079e-10, 1.47203e-10, 2.05439e-10, 2.82915e-10, 3.8445e-10, 5.15506e-10, 6.82081e-10, 8.90528e-10, 1.14728e-09, 1.45848e-09, 1.82953e-09, 2.26459e-09, 2.76597e-09, 3.33362e-09, 3.96455e-09, 4.65245e-09, 5.38738e-09, 6.15579e-09, 6.94063e-09, 7.72189e-09, 8.47731e-09, 9.18336e-09, 9.81645e-09, 1.03542e-08, 1.07768e-08, 1.1068e-08, 1.12166e-08, 1.12166e-08, 1.1068e-08, 1.07768e-08, 1.03542e-08, 9.81645e-09, 9.18336e-09, 8.47731e-09, 7.72189e-09, 6.94063e-09, 6.15579e-09, 5.38738e-09, 4.65245e-09, 3.96455e-09, 3.33362e-09, 2.76597e-09, 2.26459e-09, 1.82953e-09, 1.45848e-09, 1.14728e-09, 8.90528e-10, 6.82081e-10, 5.15506e-10, 3.8445e-10, 2.82915e-10, 2.05439e-10, 1.47203e-10, 1.04079e-10, 7.26133e-11, 4.99896e-11, 3.39588e-11, 2.27633e-11, 1.50566e-11, 9.82714e-12, 6.32904e-12, 4.02214e-12, 2.52224e-12, 1.56072e-12, 9.52957e-13, 5.74157e-13, 3.41348e-13, 2.00251e-13, 1.1592e-13, 6.62148e-14, 3.73215e-14, 2.07574e-14, 1.13919e-14, 6.16921e-15, 3.29664e-15, 1.73829e-15, 9.04449e-16, 4.64359e-16, 2.35252e-16, 1.17604e-16, 5.80125e-17
1.36386e-14, 2.50174e-14, 4.52817e-14, 8.08749e-14, 1.42533e-13, 2.4787e-13, 4.25346e-13, 7.2023e-13, 1.2034e-12, 1.98407e-12, 3.22785e-12, 5.18178e-12, 8.20832e-12, 1.28304e-11, 1.97894e-11, 3.01188e-11, 4.52325e-11, 6.70305e-11, 9.80177e-11, 1.41431e-10, 2.01371e-10, 2.82915e-10, 3.92217e-10, 5.36544e-10, 7.24258e-10, 9.64698e-10, 1.26794e-09, 1.64443e-09, 2.10446e-09, 2.65752e-09, 3.31147e-09, 4.0717e-09, 4.94014e-09, 5.91442e-09, 6.98706e-09, 8.14491e-09, 9.36887e-09, 1.0634e-08, 1.19102e-08, 1.31628e-08, 1.43544e-08, 1.54467e-08, 1.64018e-08, 1.71854e-08, 1.77679e-08, 1.81268e-08, 1.82481e-08, 1.81268e-08, 1.77679e-08, 1.71854e-08, 1.64018e-08, 1.54467e-08, 1.43544e-08, 1.31628e-08, 1.19102e-08, 1.0634e-08, 9.36887e-09, 8.14491e-09, 6.98706e-09, 5.91442e-09, 4.94014e-09, 4.0717e-09, 3.31147e-09, 2.65752e-09, 2.10446e-09, 1.64443e-09, 1.26794e-09, 9.64698e-10, 7.24258e-10, 5.36544e-10, 3.92217e-10, 2.82915e-10, 2.01371e-10, 1.41431e-10, 9.80177e-11, 6.70305e-11, 4.52325e-11, 3.01188e-11, 1.97894e-11, 1.28304e-11, 8.20832e-12, 5.18178e-12, 3.22785e-12, 1.98407e-12, 1.2034e-12, 7.2023e-13, 4.25346e-13, 2.4787e-13, 1.42533e-13, 8.08749e-14, 4.52817e-14, 2.50174e-14, 1.36386e-14, 7.33681e-15, 3.89452e-15, 2.03991e-15, 1.05433e-15, 5.37713e-16, 2.70605e-16, 1.34378e-16
1.61121e-14, 2.97522e-14, 5.42121e-14, 9.74725e-14, 1.72933e-13, 3.02749e-13, 5.22994e-13, 8.91498e-13, 1.49952e-12, 2.48884e-12, 4.07613e-12, 6.58733e-12, 1.05046e-11, 1.65295e-11, 2.56655e-11, 3.93232e-11, 5.94507e-11, 8.86901e-11, 1.30558e-10, 1.89644e-10, 2.71822e-10, 3.8445e-10, 5.36544e-10, 7.38889e-10, 1.00407e-09, 1.34634e-09, 1.78139e-09, 2.32579e-09, 2.99634e-09, 3.8091e-09, 4.77818e-09, 5.91442e-09, 7.22389e-09, 8.70641e-09, 1.03542e-08, 1.21508e-08, 1.40702e-08, 1.60771e-08, 1.81268e-08, 2.01672e-08, 2.21402e-08, 2.39841e-08, 2.56376e-08, 2.7042e-08, 2.81457e-08, 2.89063e-08, 2.92943e-08, 2.92943e-08, 2.89063e-08, 2.81457e-08, 2.7042e-08, 2.56376e-08, 2.39841e-08, 2.21402e-08, 2.01672e-08, 1.81268e-08, 1.60771e-08, 1.40702e-08, 1.21508e-08, 1.03542e-08, 8.70641e-09, 7.22389e-09, 5.91442e-09, 4.77818e-09, 3.8091e-09, 2.99634e-09, 2.32579e-09, 1.78139e-09, 1.34634e-09, 1.00407e-09, 7.38889e-10, 5.36544e-10, 3.8445e-10, 2.71822e-10, 1.89644e-10, 1.30558e-10, 8.86901e-11, 5.94507e-11, 3.93232e-11, 2.56655e-11, 1.65295e-11, 1.05046e-11, 6.58733e-12, 4.07613e-12, 2.48884e-12, 1.49952e-12, 8.91498e-13, 5.22994e-13, 3.02749e-13, 1.72933e-13, 9.74725e-14, 5.42121e-14, 2.97522e-14, 1.61121e-14, 8.60982e-15, 4.53989e-15, 2.36215e-15, 1.21277e-15, 6.14408e-16, 3.07147e-16
1.87821e-14, 3.49145e-14, 6.4044e-14, 1.1592e-13, 2.07038e-13, 3.64881e-13, 6.34542e-13, 1.08888e-12, 1.84377e-12, 3.08067e-12, 5.07917e-12, 8.26322e-12, 1.32653e-11, 2.10131e-11, 3.28455e-11, 5.06606e-11, 7.71035e-11, 1.15794e-10, 1.71597e-10, 2.50924e-10, 3.62062e-10, 5.15506e-10, 7.24258e-10, 1.00407e-09, 1.37354e-09, 1.85409e-09, 2.46961e-09, 3.2459e-09, 4.20971e-09, 5.38738e-09, 6.8032e-09, 8.47731e-09, 1.04235e-08, 1.26467e-08, 1.51408e-08, 1.78867e-08, 2.08508e-08, 2.39841e-08, 2.72229e-08, 3.04898e-08, 3.36965e-08, 3.67471e-08, 3.95432e-08, 4.19884e-08, 4.39943e-08, 4.54855e-08, 4.64043e-08, 4.67147e-08, 4.64043e-08, 4.54855e-08, 4.39943e-08, 4.19884e-08, 3.95432e-08, 3.67471e-08, 3.36965e-08, 3.04898e-08, 2.72229e-08, 2.39841e-08, 2.08508e-08, 1.78867e-08, 1.51408e-08, 1.26467e-08, 1.04235e-08, 8.47731e-09, 6.8032e-09, 5.38738e-09, 4.20971e-09, 3.2459e-09, 2.46961e-09, 1.85409e-09, 1.37354e-09, 1.00407e-09, 7.24258e-10, 5.15506e-10, 3.62062e-10, 2.50924e-10, 1.71597e-10, 1.15794e-10, 7.71035e-11, 5.06606e-11, 3.28455e-11, 2.10131e-11, 1.32653e-11, 8.26322e-12, 5.07917e-12, 3.08067e-12, 1.84377e-12, 1.08888e-12, 6.34542e-13, 3.64881e-13, 2.07038e-13, 1.1592e-13, 6.4044e-14, 3.49145e-14, 1.87821e-14, 9.9699e-15, 5.22212e-15, 2.69906e-15, 1.37654e-15, 6.92743e-16
2.16045e-14, 4.04299e-14, 7.46569e-14, 1.36034e-13, 2.44587e-13, 4.33939e-13, 7.59685e-13, 1.31234e-12, 2.23703e-12, 3.76274e-12, 6.24521e-12, 1.02282e-11, 1.65295e-11, 2.63591e-11, 4.14774e-11, 6.44022e-11, 9.86733e-11, 1.49179e-10, 2.22549e-10, 3.27607e-10, 4.75872e-10, 6.82081e-10, 9.64698e-10, 1.34634e-09, 1.85409e-09, 2.5195e-09, 3.37837e-09, 4.47002e-09, 5.83608e-09, 7.5187e-09, 9.55814e-09, 1.19898e-08, 1.4841e-08, 1.81268e-08, 2.18469e-08, 2.59817e-08, 3.04898e-08, 3.53062e-08, 4.0342e-08, 4.54855e-08, 5.06055e-08, 5.55561e-08, 6.01832e-08, 6.43322e-08, 6.78563e-08, 7.06256e-08, 7.25343e-08, 7.35079e-08, 7.35079e-08, 7.25343e-08, 7.06256e-08, 6.78563e-08, 6.43322e-08, 6.01832e-08, 5.55561e-08, 5.06055e-08, 4.54855e-08, 4.0342e-08, 3.53062e-08, 3.04898e-08, 2.59817e-08, 2.18469e-08, 1.81268e-08, 1.4841e-08, 1.19898e-08, 9.55814e-09, 7.5187e-09, 5.83608e-09, 4.47002e-09, 3.37837e-09, 2.5195e-09, 1.85409e-09, 1.34634e-09, 9.64698e-10, 6.82081e-10, 4.75872e-10, 3.27607e-10, 2.22549e-10, 1.49179e-10, 9.86733e-11, 6.44022e-11, 4.14774e-11, 2.63591e-11, 1.65295e-11, 1.02282e-11, 6.24521e-12, 3.76274e-12, 2.23703e-12, 1.31234e-12, 7.59685e-13, 4.33939e-13, 2.44587e-13, 1.36034e-13, 7.46569e-14, 4.04299e-14, 2.16045e-14, 1.13919e-14, 5.92731e-15, 3.04318e-15, 1.54173e-15
2.4522e-14, 4.61965e-14, 8.58759e-14, 1.57523e-13, 2.85118e-13, 5.09232e-13, 8.97461e-13, 1.56072e-12, 2.67821e-12, 4.53495e-12, 7.57723e-12, 1.24927e-11, 2.03243e-11, 3.26273e-11, 5.1684e-11, 8.07869e-11, 1.24605e-10, 1.89644e-10, 2.84808e-10, 4.2206e-10, 6.17172e-10, 8.90528e-10, 1.26794e-09, 1.78139e-09, 2.46961e-09, 3.37837e-09, 4.56032e-09, 6.07426e-09, 7.98363e-09, 1.03542e-08, 1.32508e-08, 1.67332e-08, 2.08508e-08, 2.56376e-08, 3.11058e-08, 3.72404e-08, 4.39943e-08, 5.12847e-08, 5.89915e-08, 6.69576e-08, 7.49929e-08, 8.28799e-08, 9.03833e-08, 9.72605e-08, 1.03275e-07, 1.08208e-07, 1.11876e-07, 1.14136e-07, 1.149e-07, 1.14136e-07, 1.11876e-07, 1.08208e-07, 1.03275e-07, 9.72605e-08, 9.03833e-08, 8.28799e-08, 7.49929e-08, 6.69576e-08, 5.89915e-08, 5.12847e-08, 4.39943e-08, 3.72404e-08, 3.11058e-08, 2.56376e-08, 2.08508e-08, 1.67332e-08, 1.32508e-08, 1.03542e-08, 7.98363e-09, 6.07426e-09, 4.56032e-09, 3.37837e-09, 2.46961e-09, 1.78139e-09, 1.26794e-09, 8.90528e-10, 6.17172e-10, 4.2206e-10, 2.84808e-10, 1.89644e-10, 1.24605e-10, 8.07869e-11, 5.1684e-11, 3.26273e-11, 2.03243e-11, 1.24927e-11, 7.57723e-12, 4.53495e-12, 2.67821e-12, 1.56072e-12, 8.97461e-13, 5.09232e-13, 2.85118e-13, 1.57523e-13, 8.58759e-14, 4.61965e-14, 2.4522e-14, 1.28443e-14, 6.63862e-15, 3.38573e-15
2.74648e-14, 5.20864e-14, 9.74725e-14, 1.7999e-13, 3.27964e-13, 5.89674e-13, 1.04618e-12, 1.83152e-12, 3.16393e-12, 5.39325e-12, 9.0716e-12, 1.50566e-11, 2.46592e-11, 3.9851e-11, 6.35492e-11, 9.99978e-11, 1.55267e-10, 2.37892e-10, 3.59656e-10, 5.36544e-10, 7.89828e-10, 1.14728e-09, 1.64443e-09, 2.32579e-09, 3.2459e-09, 4.47002e-09, 6.07426e-09, 8.14491e-09, 1.07768e-08, 1.40702e-08, 1.81268e-08, 2.30437e-08, 2.89063e-08, 3.57801e-08, 4.3702e-08, 5.26707e-08, 6.26393e-08, 7.35079e-08, 8.51198e-08, 9.72605e-08, 1.09661e-07, 1.22005e-07, 1.3394e-07, 1.45096e-07, 1.55098e-07, 1.63595e-07, 1.70271e-07, 1.74873e-07, 1.7722e-07, 1.7722e-07, 1.74873e-07, 1.70271e-07, 1.63595e-07, 1.55098e-07, 1.45096e-07, 1.3394e-07, 1.22005e-07, 1.09661e-07, 9.72605e-08, 8.51198e-08, 7.35079e-08, 6.26393e-08, 5.26707e-08, 4.3702e-08, 3.57801e-08, 2.89063e-08, 2.30437e-08, 1.81268e-08, 1.40702e-08, 1.07768e-08, 8.14491e-09, 6.07426e-09, 4.47002e-09, 3.2459e-09, 2.32579e-09, 1.64443e-09, 1.14728e-09, 7.89828e-10, 5.36544e-10, 3.59656e-10, 2.37892e-10, 1.55267e-10, 9.99978e-11, 6.35492e-11, 3.9851e-11, 2.46592e-11, 1.50566e-11, 9.0716e-12, 5.39325e-12, 3.16393e-12, 1.83152e-12, 1.04618e-12, 5.89674e-13, 3.27964e-13, 1.7999e-13, 9.74725e-14, 5.20864e-14, 2.74648e-14, 1.42901e-14, 7.33681e-15
3.03532e-14, 5.79494e-14, 1.0917e-13, 2.02939e-13, 3.72252e-13, 6.7378e-13, 1.2034e-12, 2.12085e-12, 3.68824e-12, 6.32904e-12, 1.07168e-11, 1.79062e-11, 2.95224e-11, 4.80295e-11, 7.71035e-11, 1.22138e-10, 1.90912e-10, 2.94461e-10, 4.48159e-10, 6.73047e-10, 9.97396e-10, 1.45848e-09, 2.10446e-09, 2.99634e-09, 4.20971e-09, 5.83608e-09, 7.98363e-09, 1.07768e-08, 1.43544e-08, 1.88666e-08, 2.44687e-08, 3.13138e-08, 3.95432e-08, 4.92738e-08, 6.05857e-08, 7.35079e-08, 8.80049e-08, 1.03966e-07, 1.21194e-07, 1.39406e-07, 1.58232e-07, 1.7722e-07, 1.95859e-07, 2.1359e-07, 2.29842e-07, 2.44055e-07, 2.55714e-07, 2.64381e-07, 2.69722e-07, 2.71526e-07, 2.69722e-07, 2.64381e-07, 2.55714e-07, 2.44055e-07, 2.29842e-07, 2.1359e-07, 1.95859e-07, 1.7722e-07, 1.58232e-07, 1.39406e-07, 1.21194e-07, 1.03966e-07, 8.80049e-08, 7.35079e-08, 6.05857e-08, 4.92738e-08, 3.95432e-08, 3.13138e-08, 2.44687e-08, 1.88666e-08, 1.43544e-08, 1.07768e-08, 7.98363e-09, 5.83608e-09, 4.20971e-09, 2.99634e-09, 2.10446e-09, 1.45848e-09, 9.97396e-10, 6.73047e-10, 4.48159e-10, 2.94461e-10, 1.90912e-10, 1.22138e-10, 7.71035e-11, 4.80295e-11, 2.95224e-11, 1.79062e-11, 1.07168e-11, 6.32904e-12, 3.68824e-12, 2.12085e-12, 1.2034e-12, 6.7378e-13, 3.72252e-13, 2.02939e-13, 1.0917e-13, 5.79494e-14, 3.03532e-14, 1.56881e-14
3.31012e-14, 6.36184e-14, 1.20651e-13, 2.25782e-13, 4.16924e-13, 7.59685e-13, 1.3659e-12, 2.42334e-12, 4.24248e-12, 7.32882e-12, 1.24927e-11, 2.10131e-11, 3.48766e-11, 5.71197e-11, 9.23096e-11, 1.47203e-10, 2.31632e-10, 3.59656e-10, 5.51044e-10, 8.33095e-10, 1.24283e-09, 1.82953e-09, 2.65752e-09, 3.8091e-09, 5.38738e-09, 7.5187e-09, 1.03542e-08, 1.40702e-08, 1.88666e-08, 2.4963e-08, 3.25918e-08, 4.19884e-08, 5.33777e-08, 6.69576e-08, 8.28799e-08, 1.0123e-07, 1.22005e-07, 1.45096e-07, 1.70271e-07, 1.97169e-07, 2.25291e-07, 2.54015e-07, 2.82608e-07, 3.10255e-07, 3.36095e-07, 3.59265e-07, 3.78946e-07, 3.94411e-07, 4.0507e-07, 4.10507e-07, 4.10507e-07, 4.0507e-07, 3.94411e-07, 3.78946e-07, 3.59265e-07, 3.36095e-07, 3.10255e-07, 2.82608e-07, 2.54015e-07, 2.25291e-07, 1.97169e-07, 1.70271e-07, 1.45096e-07, 1.22005e-07, 1.0123e-07, 8.28799e-08, 6.69576e-08, 5.33777e-08, 4.19884e-08, 3.25918e-08, 2.4963e-08, 1.88666e-08, 1.40702e-08, 1.03542e-08, 7.5187e-09, 5.38738e-09, 3.8091e-09, 2.65752e-09, 1.82953e-09, 1.24283e-09, 8.33095e-10, 5.51044e-10, 3.59656e-10, 2.31632e-10, 1.47203e-10, 9.23096e-11, 5.71197e-11, 3.48766e-11, 2.10131e-11, 1.24927e-11, 7.32882e-12, 4.24248e-12, 2.42334e-12, 1.3659e-12, 7.59685e-13, 4.16924e-13, 2.25782e-13, 1.20651e-13, 6.36184e-14, 3.31012e-14
3.56199e-14, 6.8917e-14, 1.31574e-13, 2.4787e-13, 4.60772e-13, 8.45197e-13, 1.52982e-12, 2.73231e-12, 4.81538e-12, 8.37414e-12, 1.43701e-11, 2.43325e-11, 4.06561e-11, 6.70305e-11, 1.09051e-10, 1.75063e-10, 2.77313e-10, 4.33467e-10, 6.68575e-10, 1.01755e-09, 1.52815e-09, 2.26459e-09, 3.31147e-09, 4.77818e-09, 6.8032e-09, 9.55814e-09, 1.32508e-08, 1.81268e-08, 2.44687e-08, 3.25918e-08, 4.28366e-08, 5.55561e-08, 7.1098e-08, 8.97828e-08, 1.11876e-07, 1.3756e-07, 1.669e-07, 1.99815e-07, 2.36054e-07, 2.75171e-07, 3.16522e-07, 3.59265e-07, 4.02378e-07, 4.44697e-07, 4.84957e-07, 5.21857e-07, 5.54126e-07, 5.80599e-07, 6.00278e-07, 6.12404e-07, 6.16501e-07, 6.12404e-07, 6.00278e-07, 5.80599e-07, 5.54126e-07, 5.21857e-07, 4.84957e-07, 4.44697e-07, 4.02378e-07, 3.59265e-07, 3.16522e-07, 2.75171e-07, 2.36054e-07, 1.99815e-07, 1.669e-07, 1.3756e-07, 1.11876e-07, 8.97828e-08, 7.1098e-08, 5.55561e-08, 4.28366e-08, 3.25918e-08, 2.44687e-08, 1.81268e-08, 1.32508e-08, 9.55814e-09, 6.8032e-09, 4.77818e-09, 3.31147e-09, 2.26459e-09, 1.52815e-09, 1.01755e-09, 6.68575e-10, 4.33467e-10, 2.77313e-10, 1.75063e-10, 1.09051e-10, 6.70305e-11, 4.06561e-11, 2.43325e-11, 1.43701e-11, 8.37414e-12, 4.81538e-12, 2.73231e-12, 1.52982e-12, 8.45197e-13, 4.60772e-13, 2.4787e-13, 1.31574e-13, 6.8917e-14
3.78225e-14, 7.36681e-14, 1.41585e-13, 2.68514e-13, 5.02487e-13, 9.27881e-13, 1.69071e-12, 3.03987e-12, 5.39325e-12, 9.44182e-12, 1.63106e-11, 2.78031e-11, 4.67656e-11, 7.76192e-11, 1.27122e-10, 2.05439e-10, 3.27607e-10, 5.15506e-10, 8.00429e-10, 1.22637e-09, 1.85409e-09, 2.76597e-09, 4.0717e-09, 5.91442e-09, 8.47731e-09, 1.19898e-08, 1.67332e-08, 2.30437e-08, 3.13138e-08, 4.19884e-08, 5.55561e-08, 7.25343e-08, 9.34469e-08, 1.18794e-07, 1.49017e-07, 1.84453e-07, 2.25291e-07, 2.71526e-07, 3.22916e-07, 3.78946e-07, 4.38807e-07, 5.01394e-07, 5.65321e-07, 6.28955e-07, 6.90484e-07, 7.47993e-07, 7.99558e-07, 8.43359e-07, 8.77777e-07, 9.015e-07, 9.136e-07, 9.136e-07, 9.015e-07, 8.77777e-07, 8.43359e-07, 7.99558e-07, 7.47993e-07, 6.90484e-07, 6.28955e-07, 5.65321e-07, 5.01394e-07, 4.38807e-07, 3.78946e-07, 3.22916e-07, 2.71526e-07, 2.25291e-07, 1.84453e-07, 1.49017e-07, 1.18794e-07, 9.34469e-08, 7.25343e-08, 5.55561e-08, 4.19884e-08, 3.13138e-08, 2.30437e-08, 1.67332e-08, 1.19898e-08, 8.47731e-09, 5.91442e-09, 4.0717e-09, 2.76597e-09, 1.85409e-09, 1.22637e-09, 8.00429e-10, 5.15506e-10, 3.27607e-10, 2.05439e-10, 1.27122e-10, 7.76192e-11, 4.67656e-11, 2.78031e-11, 1.63106e-11, 9.44182e-12, 5.39325e-12, 3.03987e-12, 1.69071e-12, 9.27881e-13, 5.02487e-13, 2.68514e-13, 1.41585e-13
3.96294e-14, 7.77037e-14, 1.50341e-13, 2.87025e-13, 5.40721e-13, 1.00516e-12, 1.84377e-12, 3.33725e-12, 5.96046e-12, 1.05046e-11, 1.8268e-11, 3.13479e-11, 5.30808e-11, 8.86901e-11, 1.46225e-10, 2.37892e-10, 3.81896e-10, 6.04951e-10, 9.45596e-10, 1.45848e-09, 2.21975e-09, 3.33362e-09, 4.94014e-09, 7.22389e-09, 1.04235e-08, 1.4841e-08, 2.08508e-08, 2.89063e-08, 3.95432e-08, 5.33777e-08, 7.1098e-08, 9.34469e-08, 1.21194e-07, 1.55098e-07, 1.95859e-07, 2.44055e-07, 3.00083e-07, 3.64087e-07, 4.35891e-07, 5.14945e-07, 6.00278e-07, 6.90484e-07, 7.83726e-07, 8.77777e-07, 9.70094e-07, 1.05792e-06, 1.13842e-06, 1.20881e-06, 1.26656e-06, 1.30949e-06, 1.33594e-06, 1.34488e-06, 1.33594e-06, 1.30949e-06, 1.26656e-06, 1.20881e-06, 1.13842e-06, 1.05792e-06, 9.70094e-07, 8.77777e-07, 7.83726e-07, 6.90484e-07, 6.00278e-07, 5.14945e-07, 4.35891e-07, 3.64087e-07, 3.00083e-07, 2.44055e-07, 1.95859e-07, 1.55098e-07, 1.21194e-07, 9.34469e-08, 7.1098e-08, 5.33777e-08, 3.95432e-08, 2.89063e-08, 2.08508e-08, 1.4841e-08, 1.04235e-08, 7.22389e-09, 4.94014e-09, 3.33362e-09, 2.21975e-09, 1.45848e-09, 9.45596e-10, 6.04951e-10, 3.81896e-10, 2.37892e-10, 1.46225e-10, 8.86901e-11, 5.30808e-11, 3.13479e-11, 1.8268e-11, 1.05046e-11, 5.96046e-12, 3.33725e-12, 1.84377e-12, 1.00516e-12, 5.40721e-13, 2.87025e-13
4.09726e-14, 8.08749e-14, 1.57523e-13, 3.02749e-13, 5.74157e-13, 1.07446e-12, 1.98407e-12, 3.6152e-12, 6.50008e-12, 1.15323e-11, 2.01892e-11, 3.48766e-11, 5.94507e-11, 9.99978e-11, 1.65971e-10, 2.71822e-10, 4.39285e-10, 7.00514e-10, 1.10229e-09, 1.71154e-09, 2.62232e-09, 3.96455e-09, 5.91442e-09, 8.70641e-09, 1.26467e-08, 1.81268e-08, 2.56376e-08, 3.57801e-08, 4.92738e-08, 6.69576e-08, 8.97828e-08, 1.18794e-07, 1.55098e-07, 1.99815e-07, 2.54015e-07, 3.18639e-07, 3.94411e-07, 4.81734e-07, 5.80599e-07, 6.90484e-07, 8.10291e-07, 9.38291e-07, 1.07212e-06, 1.20881e-06, 1.34488e-06, 1.47645e-06, 1.59941e-06, 1.70968e-06, 1.80333e-06, 1.87693e-06, 1.92766e-06, 1.95353e-06, 1.95353e-06, 1.92766e-06, 1.87693e-06, 1.80333e-06, 1.70968e-06, 1.59941e-06, 1.47645e-06, 1.34488e-06, 1.20881e-06, 1.07212e-06, 9.38291e-07, 8.10291e-07, 6.90484e-07, 5.80599e-07, 4.81734e-07, 3.94411e-07, 3.18639e-07, 2.54015e-07, 1.99815e-07, 1.55098e-07, 1.18794e-07, 8.97828e-08, 6.69576e-08, 4.92738e-08, 3.57801e-08, 2.56376e-08, 1.81268e-08, 1.26467e-08, 8.70641e-09, 5.91442e-09, 3.96455e-09, 2.62232e-09, 1.71154e-09, 1.10229e-09, 7.00514e-10, 4.39285e-10, 2.71822e-10, 1.65971e-10, 9.99978e-11, 5.94507e-11, 3.48766e-11, 2.01892e-11, 1.15323e-11, 6.50008e-12, 3.6152e-12, 1.98407e-12, 1.07446e-12, 5.74157e-13
4.18003e-14, 8.30606e-14, 1.62862e-13, 3.15104e-13, 6.01586e-13, 1.13332e-12, 2.10675e-12, 3.86443e-12, 6.99467e-12, 1.24927e-11, 2.2017e-11, 3.82884e-11, 6.57032e-11, 1.11254e-10, 1.85889e-10, 3.06479e-10, 4.98605e-10, 8.00429e-10, 1.26794e-09, 1.98191e-09, 3.05687e-09, 4.65245e-09, 6.98706e-09, 1.03542e-08, 1.51408e-08, 2.18469e-08, 3.11058e-08, 4.3702e-08, 6.05857e-08, 8.28799e-08, 1.11876e-07, 1.49017e-07, 1.95859e-07, 2.54015e-07, 3.25076e-07, 4.10507e-07, 5.11523e-07, 6.28955e-07, 7.63103e-07, 9.136e-07, 1.07929e-06, 1.25814e-06, 1.44721e-06, 1.64264e-06, 1.83976e-06, 2.03325e-06, 2.21733e-06, 2.38605e-06, 2.53359e-06, 2.65463e-06, 2.74461e-06, 2.80005e-06, 2.81878e-06, 2.80005e-06, 2.74461e-06, 2.65463e-06, 2.53359e-06, 2.38605e-06, 2.21733e-06, 2.03325e-06, 1.83976e-06, 1.64264e-06, 1.44721e-06, 1.25814e-06, 1.07929e-06, 9.136e-07, 7.63103e-07, 6.28955e-07, 5.11523e-07, 4.10507e-07, 3.25076e-07, 2.54015e-07, 1.95859e-07, 1.49017e-07, 1.11876e-07, 8.28799e-08, 6.05857e-08, 4.3702e-08, 3.11058e-08, 2.18469e-08, 1.51408e-08, 1.03542e-08, 6.98706e-09, 4.65245e-09, 3.05687e-09, 1.98191e-09, 1.26794e-09, 8.00429e-10, 4.98605e-10, 3.06479e-10, 1.85889e-10, 1.11254e-10, 6.57032e-11, 3.82884e-11, 2.2017e-11, 1.24927e-11, 6.99467e-12, 3.86443e-12, 2.10675e-12, 1.13332e-12
4.20799e-14, 8.41755e-14, 1.66152e-13, 3.2362e-13, 6.21977e-13, 1.17957e-12, 2.2074e-12, 4.07613e-12, 7.42719e-12, 1.3354e-11, 2.36923e-11, 4.14774e-11, 7.16516e-11, 1.22138e-10, 2.05439e-10, 3.40977e-10, 5.58441e-10, 9.02482e-10, 1.43916e-09, 2.26459e-09, 3.51624e-09, 5.38738e-09, 8.14491e-09, 1.21508e-08, 1.78867e-08, 2.59817e-08, 3.72404e-08, 5.26707e-08, 7.35079e-08, 1.0123e-07, 1.3756e-07, 1.84453e-07, 2.44055e-07, 3.18639e-07, 4.10507e-07, 5.21857e-07, 6.54623e-07, 8.10291e-07, 9.89691e-07, 1.1928e-06, 1.41855e-06, 1.66469e-06, 1.92766e-06, 2.2026e-06, 2.48342e-06, 2.76296e-06, 3.03326e-06, 3.28589e-06, 3.51242e-06, 3.70483e-06, 3.85603e-06, 3.96024e-06, 4.0134e-06, 4.0134e-06, 3.96024e-06, 3.85603e-06, 3.70483e-06, 3.51242e-06, 3.28589e-06, 3.03326e-06, 2.76296e-06, 2.48342e-06, 2.2026e-06, 1.92766e-06, 1.66469e-06, 1.41855e-06, 1.1928e-06, 9.89691e-07, 8.10291e-07, 6.54623e-07, 5.21857e-07, 4.10507e-07, 3.18639e-07, 2.44055e-07, 1.84453e-07, 1.3756e-07, 1.0123e-07, 7.35079e-08, 5.26707e-08, 3.72404e-08, 2.59817e-08, 1.78867e-08, 1.21508e-08, 8.14491e-09, 5.38738e-09, 3.51624e-09, 2.26459e-09, 1.43916e-09, 9.02482e-10, 5.58441e-10, 3.40977e-10, 2.05439e-10, 1.22138e-10, 7.16516e-11, 4.14774e-11, 2.36923e-11, 1.3354e-11, 7.42719e-12, 4.07613e-12, 2.2074e-12
4.18003e-14, 8.41755e-14, 1.67263e-13, 3.27964e-13, 6.34542e-13, 1.21145e-12, 2.28222e-12, 4.24248e-12, 7.78201e-12, 1.40855e-11, 2.51573e-11, 4.43368e-11, 7.71035e-11, 1.3231e-10, 2.24038e-10, 3.74334e-10, 6.17172e-10, 1.00407e-09, 1.61187e-09, 2.55332e-09, 3.99107e-09, 6.15579e-09, 9.36887e-09, 1.40702e-08, 2.08508e-08, 3.04898e-08, 4.39943e-08, 6.26393e-08, 8.80049e-08, 1.22005e-07, 1.669e-07, 2.25291e-07, 3.00083e-07, 3.94411e-07, 5.11523e-07, 6.54623e-07, 8.2666e-07, 1.03008e-06, 1.26656e-06, 1.5367e-06, 1.83976e-06, 2.17343e-06, 2.53359e-06, 2.91432e-06, 3.30787e-06, 3.70483e-06, 4.09447e-06, 4.46516e-06, 4.80491e-06, 5.10203e-06, 5.34576e-06, 5.52696e-06, 5.63861e-06, 5.67633e-06, 5.63861e-06, 5.52696e-06, 5.34576e-06, 5.10203e-06, 4.80491e-06, 4.46516e-06, 4.09447e-06, 3.70483e-06, 3.30787e-06, 2.91432e-06, 2.53359e-06, 2.17343e-06, 1.83976e-06, 1.5367e-06, 1.26656e-06, 1.03008e-06, 8.2666e-07, 6.54623e-07, 5.11523e-07, 3.94411e-07, 3.00083e-07, 2.25291e-07, 1.669e-07, 1.22005e-07, 8.80049e-08, 6.26393e-08, 4.39943e-08, 3.04898e-08, 2.08508e-08, 1.40702e-08, 9.36887e-09, 6.15579e-09, 3.99107e-09, 2.55332e-09, 1.61187e-09, 1.00407e-09, 6.17172e-10, 3.74334e-10, 2.24038e-10, 1.3231e-10, 7.71035e-11, 4.43368e-11, 2.51573e-11, 1.40855e-11, 7.78201e-12, 4.24248e-12
4.09726e-14, 8.30606e-14, 1.66152e-13, 3.27964e-13, 6.38786e-13, 1.22771e-12, 2.32832e-12, 4.35714e-12, 8.04578e-12, 1.46604e-11, 2.63591e-11, 4.67656e-11, 8.18713e-11, 1.41431e-10, 2.41085e-10, 4.05511e-10, 6.73047e-10, 1.10229e-09, 1.78139e-09, 2.84073e-09, 4.47002e-09, 6.94063e-09, 1.0634e-08, 1.60771e-08, 2.39841e-08, 3.53062e-08, 5.12847e-08, 7.35079e-08, 1.03966e-07, 1.45096e-07, 1.99815e-07, 2.71526e-07, 3.64087e-07, 4.81734e-07, 6.28955e-07, 8.10291e-07, 1.03008e-06, 1.29215e-06, 1.59941e-06, 1.95353e-06, 2.35444e-06, 2.80005e-06, 3.28589e-06, 3.80496e-06, 4.34766e-06, 4.90197e-06, 5.45375e-06, 5.98728e-06, 6.48595e-06, 6.93308e-06, 7.31288e-06, 7.61133e-06, 7.81703e-06, 7.92195e-06, 7.92195e-06, 7.81703e-06, 7.61133e-06, 7.31288e-06, 6.93308e-06, 6.48595e-06, 5.98728e-06, 5.45375e-06, 4.90197e-06, 4.34766e-06, 3.80496e-06, 3.28589e-06, 2.80005e-06, 2.35444e-06, 1.95353e-06, 1.59941e-06, 1.29215e-06, 1.03008e-06, 8.10291e-07, 6.28955e-07, 4.81734e-07, 3.64087e-07, 2.71526e-07, 1.99815e-07, 1.45096e-07, 1.03966e-07, 7.35079e-08, 5.12847e-08, 3.53062e-08, 2.39841e-08, 1.60771e-08, 1.0634e-08, 6.94063e-09, 4.47002e-09, 2.84073e-09, 1.78139e-09, 1.10229e-09, 6.73047e-10, 4.05511e-10, 2.41085e-10, 1.41431e-10, 8.18713e-11, 4.67656e-11, 2.63591e-11, 1.46604e-11, 8.04578e-12
3.96294e-14, 8.08749e-14, 1.62862e-13, 3.2362e-13, 6.34542e-13, 1.22771e-12, 2.3439e-12, 4.41562e-12, 8.20832e-12, 1.50566e-11, 2.72526e-11, 4.86742e-11, 8.57825e-11, 1.49179e-10, 2.55993e-10, 4.33467e-10, 7.24258e-10, 1.1941e-09, 1.94266e-09, 3.11863e-09, 4.94014e-09, 7.72189e-09, 1.19102e-08, 1.81268e-08, 2.72229e-08, 4.0342e-08, 5.89915e-08, 8.51198e-08, 1.21194e-07, 1.70271e-07, 2.36054e-07, 3.22916e-07, 4.35891e-07, 5.80599e-07, 7.63103e-07, 9.89691e-07, 1.26656e-06, 1.59941e-06, 1.99299e-06, 2.45053e-06, 2.9732e-06, 3.55956e-06, 4.20513e-06, 4.90197e-06, 5.63861e-06, 6.40004e-06, 7.16808e-06, 7.92195e-06, 8.63915e-06, 9.2965e-06, 9.87136e-06, 1.03429e-05, 1.06935e-05, 1.09095e-05, 1.09825e-05, 1.09095e-05, 1.06935e-05, 1.03429e-05, 9.87136e-06, 9.2965e-06, 8.63915e-06, 7.92195e-06, 7.16808e-06, 6.40004e-06, 5.63861e-06, 4.90197e-06, 4.20513e-06, 3.55956e-06, 2.9732e-06, 2.45053e-06, 1.99299e-06, 1.59941e-06, 1.26656e-06, 9.89691e-07, 7.63103e-07, 5.80599e-07, 4.35891e-07, 3.22916e-07, 2.36054e-07, 1.70271e-07, 1.21194e-07, 8.51198e-08, 5.89915e-08, 4.0342e-08, 2.72229e-08, 1.81268e-08, 1.19102e-08, 7.72189e-09, 4.94014e-09, 3.11863e-09, 1.94266e-09, 1.1941e-09, 7.24258e-10, 4.33467e-10, 2.55993e-10, 1.49179e-10, 8.57825e-11, 4.86742e-11, 2.72526e-11, 1.50566e-11
3.78225e-14, 7.77037e-14, 1.57523e-13, 3.15104e-13, 6.21977e-13, 1.21145e-12, 2.32832e-12, 4.41562e-12, 8.26322e-12, 1.52587e-11, 2.78031e-11, 4.99896e-11, 8.86901e-11, 1.55267e-10, 2.68222e-10, 4.57212e-10, 7.69044e-10, 1.27642e-09, 2.09048e-09, 3.37837e-09, 5.38738e-09, 8.47731e-09, 1.31628e-08, 2.01672e-08, 3.04898e-08, 4.54855e-08, 6.69576e-08, 9.72605e-08, 1.39406e-07, 1.97169e-07, 2.75171e-07, 3.78946e-07, 5.14945e-07, 6.90484e-07, 9.136e-07, 1.1928e-06, 1.5367e-06, 1.95353e-06, 2.45053e-06, 3.03326e-06, 3.70483e-06, 4.46516e-06, 5.31024e-06, 6.23163e-06, 7.21603e-06, 8.24525e-06, 9.2965e-06, 1.03429e-05, 1.13548e-05, 1.23005e-05, 1.31485e-05, 1.38687e-05, 1.44347e-05, 1.48248e-05, 1.50238e-05, 1.50238e-05, 1.48248e-05, 1.44347e-05, 1.38687e-05, 1.31485e-05, 1.23005e-05, 1.13548e-05, 1.03429e-05, 9.2965e-06, 8.24525e-06, 7.21603e-06, 6.23163e-06, 5.31024e-06, 4.46516e-06, 3.70483e-06, 3.03326e-06, 2.45053e-06, 1.95353e-06, 1.5367e-06, 1.1928e-06, 9.136e-07, 6.90484e-07, 5.14945e-07, 3.78946e-07, 2.75171e-07, 1.97169e-07, 1.39406e-07, 9.72605e-08, 6.69576e-08, 4.54855e-08, 3.04898e-08, 2.01672e-08, 1.31628e-08, 8.47731e-09, 5.38738e-09, 3.37837e-09, 2.09048e-09, 1.27642e-09, 7.69044e-10, 4.57212e-10, 2.68222e-10, 1.55267e-10, 8.86901e-11, 4.99896e-11, 2.78031e-11
3.56199e-14, 7.36681e-14, 1.50341e-13, 3.02749e-13, 6.01586e-13, 1.17957e-12, 2.28222e-12, 4.35714e-12, 8.20832e-12, 1.52587e-11, 2.79891e-11, 5.06606e-11, 9.04818e-11, 1.59463e-10, 2.77313e-10, 4.75872e-10, 8.05783e-10, 1.34634e-09, 2.21975e-09, 3.61127e-09, 5.7973e-09, 9.18336e-09, 1.43544e-08, 2.21402e-08, 3.36965e-08, 5.06055e-08, 7.49929e-08, 1.09661e-07, 1.58232e-07, 2.25291e-07, 3.16522e-07, 4.38807e-07, 6.00278e-07, 8.10291e-07, 1.07929e-06, 1.41855e-06, 1.83976e-06, 2.35444e-06, 2.9732e-06, 3.70483e-06, 4.55536e-06, 5.52696e-06, 6.61697e-06, 7.81703e-06, 9.11241e-06, 1.04818e-05, 1.18972e-05, 1.33249e-05, 1.47263e-05, 1.60596e-05, 1.72815e-05, 1.83501e-05, 1.92268e-05, 1.98785e-05, 2.02801e-05, 2.04157e-05, 2.02801e-05, 1.98785e-05, 1.92268e-05, 1.83501e-05, 1.72815e-05, 1.60596e-05, 1.47263e-05, 1.33249e-05, 1.18972e-05, 1.04818e-05, 9.11241e-06, 7.81703e-06, 6.61697e-06, 5.52696e-06, 4.55536e-06, 3.70483e-06, 2.9732e-06, 2.35444e-06, 1.83976e-06, 1.41855e-06, 1.07929e-06, 8.10291e-07, 6.00278e-07, 4.38807e-07, 3.16522e-07, 2.25291e-07, 1.58232e-07, 1.09661e-07, 7.49929e-08, 5.06055e-08, 3.36965e-08, 2.21402e-08, 1.43544e-08, 9.18336e-09, 5.7973e-09, 3.61127e-09, 2.21975e-09, 1.34634e-09, 8.05783e-10, 4.75872e-10, 2.77313e-10, 1.59463e-10, 9.04818e-11, 5.06606e-11
