15.418594 19.469057 14.122258 14.629188 17.484445 17.200530 14.802805 15.707089 18.384223 
19.469057 29.198649 20.456527 20.585620 25.318685 24.622263 21.613071 22.825167 26.790505 
14.122258 20.456527 19.934751 15.202038 18.872943 18.076124 18.242912 16.593269 19.235345 
14.629188 20.585620 15.202038 18.347930 19.096025 18.300640 16.546941 17.125845 20.086544 
17.484445 25.318685 18.872943 19.096025 25.536970 22.559344 20.341306 20.897488 24.212299 
17.200530 24.622263 18.076124 18.300640 22.559344 22.915838 18.657023 19.899939 23.814364 
14.802805 21.613071 18.242912 16.546941 20.341306 18.657023 26.044809 18.450891 20.150593 
15.707089 22.825167 16.593269 17.125845 20.897488 19.899939 18.450891 21.392084 21.670535 
18.384223 26.790505 19.235345 20.086544 24.212299 23.814364 20.150593 21.670535 27.051036 
